20 20 0
40
L 0 1 3 1 0 1 1 0
L 10 5 3 1 10 5 1 0
L 16 11 3 1 16 11 1 0
L 3 14 3 1 3 14 1 0
L 13 18 3 1 13 18 1 0
W 17 1 9 1 17 1 1 0
W 14 3 9 1 14 3 1 0
W 15 4 9 1 15 4 1 0
W 14 8 9 1 14 8 1 0
W 11 19 9 1 11 19 1 0
C 4 14 5 1 4 14 1 0
A 6 1 4 1 6 1 1 0
A 12 1 4 1 12 1 1 0
A 14 1 4 1 14 1 1 0
A 19 1 4 1 19 1 1 0
A 4 6 4 1 4 6 1 0
A 13 6 4 1 13 6 1 0
A 13 7 4 1 13 7 1 0
O 0 10 4 1 0 10 1 0
A 3 10 4 1 3 10 1 0
O 0 11 4 1 0 11 1 0
A 1 13 4 1 1 13 1 0
A 7 13 4 1 7 13 1 0
A 7 14 4 1 7 14 1 0
A 12 15 4 1 12 15 1 0
O 7 16 4 1 7 16 1 0
O 8 16 4 1 8 16 1 0
A 9 16 4 1 9 16 1 0
A 15 16 4 1 15 16 1 0
O 16 16 4 1 16 16 1 0
A 8 17 4 1 8 17 1 0
O 19 19 4 1 19 19 1 0
Z 2 3 2 1 2 3 1 0
Z 2 8 2 1 2 8 1 0
Z 7 9 2 1 7 9 1 0
Z 17 9 2 1 17 9 1 0
Z 1 10 2 1 1 10 1 0
Z 2 11 2 1 2 11 1 0
Z 15 11 2 1 15 11 1 0
Z 15 14 2 1 15 14 1 0
53
T 1 0 0 1 0 0 1 0
M 2 0 0 1 0 0 1 0
G 5 0 0 1 0 0 1 0
J 10 1 99 1 0 0 1 0
G 5 2 0 1 0 0 1 0
J 8 2 99 1 0 0 1 0
J 16 2 99 1 0 0 1 0
T 17 2 0 1 0 0 1 0
G 15 3 0 1 0 0 1 0
B 1 4 10 1 0 0 1 0
J 11 4 99 1 0 0 1 0
M 2 5 0 1 0 0 1 0
J 4 5 99 1 0 0 1 0
G 9 5 0 1 0 0 1 0
B 13 5 10 1 0 0 1 0
J 3 6 99 1 0 0 1 0
T 15 6 0 1 0 0 1 0
G 2 7 0 1 0 0 1 0
T 6 7 0 1 0 0 1 0
G 9 7 0 1 0 0 1 0
J 14 7 99 1 0 0 1 0
T 7 8 0 1 0 0 1 0
G 8 8 0 1 0 0 1 0
G 15 8 0 1 0 0 1 0
J 12 9 99 1 0 0 1 0
T 2 10 0 1 0 0 1 0
B 4 10 10 1 0 0 1 0
G 9 10 0 1 0 0 1 0
G 14 10 0 1 0 0 1 0
B 7 11 10 1 0 0 1 0
T 19 11 0 1 0 0 1 0
B 2 12 10 1 0 0 1 0
G 19 12 0 1 0 0 1 0
T 2 13 0 1 0 0 1 0
M 4 13 0 1 0 0 1 0
T 8 13 0 1 0 0 1 0
J 18 14 99 1 0 0 1 0
T 10 16 0 1 0 0 1 0
G 14 16 0 1 0 0 1 0
G 19 16 0 1 0 0 1 0
G 9 17 0 1 0 0 1 0
G 13 17 0 1 0 0 1 0
J 19 17 99 1 0 0 1 0
M 1 18 0 1 0 0 1 0
T 8 18 0 1 0 0 1 0
T 1 19 0 1 0 0 1 0
M 3 19 0 1 0 0 1 0
J 6 19 99 1 0 0 1 0
T 12 19 0 1 0 0 1 0
J 13 19 99 1 0 0 1 0
M 15 19 0 1 0 0 1 0
G 16 19 0 1 0 0 1 0
B 18 19 10 1 0 0 1 0
0
0 0
   
